MEME version 4

ALPHABET= ACGT

strands: + -

Background letter frequencies (from uniform background):
A 0.25000 C 0.25000 G 0.25000 T 0.25000 

MOTIF M00008_2.00 M00008_2.00

letter-probability matrix: alength= 4 w= 7 nsites= 1 E= 0
  0.280000	  0.250000	  0.250000	  0.220000	
  0.320000	  0.180000	  0.240000	  0.260000	
  0.380000	  0.110000	  0.210000	  0.300000	
  0.620000	  0.070000	  0.110000	  0.200000	
  0.680000	  0.040000	  0.060000	  0.220000	
  0.330000	  0.130000	  0.080000	  0.460000	
  0.320000	  0.140000	  0.110000	  0.430000	

MOTIF M00044_2.00 M00044_2.00

letter-probability matrix: alength= 4 w= 9 nsites= 1 E= 0
  0.240000	  0.260000	  0.300000	  0.200000	
  0.390000	  0.110000	  0.410000	  0.090000	
  0.190000	  0.120000	  0.100000	  0.590000	
  0.570000	  0.240000	  0.010000	  0.180000	
  0.730000	  0.180000	  0.020000	  0.070000	
  0.880000	  0.010000	  0.040000	  0.070000	
  0.080000	  0.690000	  0.050000	  0.180000	
  0.870000	  0.040000	  0.040000	  0.050000	
  0.500000	  0.160000	  0.140000	  0.200000	

MOTIF M00056_2.00 M00056_2.00

letter-probability matrix: alength= 4 w= 8 nsites= 1 E= 0
  0.070000	  0.070000	  0.010000	  0.850000	
  0.870000	  0.010000	  0.010000	  0.110000	
  0.878788	  0.010101	  0.020202	  0.090909	
  0.000000	  0.000000	  0.000000	  1.000000	
  0.750000	  0.030000	  0.020000	  0.200000	
  0.633663	  0.049505	  0.009901	  0.306931	
  0.670000	  0.060000	  0.030000	  0.240000	
  0.207921	  0.059406	  0.059406	  0.673267	

MOTIF M00060_2.00 M00060_2.00

letter-probability matrix: alength= 4 w= 9 nsites= 1 E= 0
  0.320000	  0.180000	  0.210000	  0.290000	
  0.230000	  0.240000	  0.200000	  0.330000	
  0.220000	  0.240000	  0.290000	  0.250000	
  0.160000	  0.030000	  0.030000	  0.780000	
  0.140000	  0.050000	  0.080000	  0.730000	
  0.090000	  0.710000	  0.120000	  0.080000	
  0.150000	  0.380000	  0.140000	  0.330000	
  0.474747	  0.151515	  0.202020	  0.171717	
  0.180000	  0.290000	  0.150000	  0.380000	

MOTIF M00111_2.00 M00111_2.00

letter-probability matrix: alength= 4 w= 10 nsites= 1 E= 0
  0.220000	  0.340000	  0.100000	  0.340000	
  0.111111	  0.191919	  0.676768	  0.020202	
  0.010000	  0.990000	  0.000000	  0.000000	
  0.000000	  0.890000	  0.000000	  0.110000	
  0.049505	  0.376238	  0.188119	  0.386139	
  0.130000	  0.340000	  0.330000	  0.200000	
  0.430000	  0.250000	  0.230000	  0.090000	
  0.303030	  0.020202	  0.656566	  0.020202	
  0.060000	  0.000000	  0.940000	  0.000000	
  0.099010	  0.346535	  0.435644	  0.118812	

MOTIF M00112_2.00 M00112_2.00

letter-probability matrix: alength= 4 w= 10 nsites= 1 E= 0
  0.000000	  1.000000	  0.000000	  0.000000	
  0.000000	  0.900000	  0.000000	  0.100000	
  0.020000	  0.230000	  0.180000	  0.570000	
  0.110000	  0.390000	  0.390000	  0.110000	
  0.534653	  0.158416	  0.287129	  0.019802	
  0.050000	  0.000000	  0.950000	  0.000000	
  0.000000	  0.000000	  1.000000	  0.000000	
  0.000000	  0.670000	  0.330000	  0.000000	
  0.200000	  0.250000	  0.350000	  0.200000	
  0.600000	  0.110000	  0.130000	  0.160000	

MOTIF M00113_2.00 M00113_2.00

letter-probability matrix: alength= 4 w= 10 nsites= 1 E= 0
  0.190000	  0.400000	  0.150000	  0.260000	
  0.089109	  0.326733	  0.524752	  0.059406	
  0.000000	  0.990000	  0.000000	  0.010000	
  0.000000	  0.818182	  0.010101	  0.171717	
  0.070000	  0.450000	  0.230000	  0.250000	
  0.111111	  0.272727	  0.444444	  0.171717	
  0.590000	  0.180000	  0.160000	  0.070000	
  0.200000	  0.000000	  0.790000	  0.010000	
  0.020000	  0.000000	  0.980000	  0.000000	
  0.060000	  0.510000	  0.310000	  0.120000	

MOTIF M00114_2.00 M00114_2.00

letter-probability matrix: alength= 4 w= 10 nsites= 1 E= 0
  0.210000	  0.180000	  0.140000	  0.470000	
  0.222222	  0.323232	  0.131313	  0.323232	
  0.000000	  0.212121	  0.757576	  0.030303	
  0.000000	  0.960000	  0.000000	  0.040000	
  0.000000	  0.940000	  0.000000	  0.060000	
  0.000000	  0.326733	  0.138614	  0.534653	
  0.121212	  0.313131	  0.393939	  0.171717	
  0.454545	  0.252525	  0.232323	  0.060606	
  0.120000	  0.000000	  0.840000	  0.040000	
  0.000000	  0.000000	  0.960000	  0.040000	

MOTIF M00115_2.00 M00115_2.00

letter-probability matrix: alength= 4 w= 9 nsites= 1 E= 0
  0.250000	  0.270000	  0.230000	  0.250000	
  0.376238	  0.089109	  0.247525	  0.287129	
  0.939394	  0.020202	  0.020202	  0.020202	
  0.110000	  0.060000	  0.090000	  0.740000	
  0.202020	  0.333333	  0.111111	  0.353535	
  0.702970	  0.059406	  0.138614	  0.099010	
  0.610000	  0.100000	  0.140000	  0.150000	
  0.514851	  0.108911	  0.188119	  0.188119	
  0.346535	  0.198020	  0.188119	  0.267327	

MOTIF M00116_2.00 M00116_2.00

letter-probability matrix: alength= 4 w= 11 nsites= 1 E= 0
  0.300000	  0.200000	  0.200000	  0.300000	
  0.280000	  0.470000	  0.070000	  0.180000	
  0.939394	  0.020202	  0.020202	  0.020202	
  1.000000	  0.000000	  0.000000	  0.000000	
  0.000000	  0.000000	  0.000000	  1.000000	
  1.000000	  0.000000	  0.000000	  0.000000	
  0.000000	  0.000000	  0.000000	  1.000000	
  0.000000	  0.100000	  0.000000	  0.900000	
  0.540000	  0.050000	  0.150000	  0.260000	
  0.178218	  0.277228	  0.178218	  0.366337	
  0.227723	  0.316832	  0.227723	  0.227723	

MOTIF M00117_2.00 M00117_2.00

letter-probability matrix: alength= 4 w= 10 nsites= 1 E= 0
  0.320000	  0.180000	  0.300000	  0.200000	
  0.340000	  0.220000	  0.330000	  0.110000	
  0.039604	  0.950495	  0.000000	  0.009901	
  0.890000	  0.030000	  0.050000	  0.030000	
  0.020202	  0.232323	  0.585859	  0.161616	
  0.161616	  0.585859	  0.232323	  0.020202	
  0.030000	  0.050000	  0.030000	  0.890000	
  0.009901	  0.000000	  0.950495	  0.039604	
  0.110000	  0.330000	  0.220000	  0.340000	
  0.200000	  0.300000	  0.180000	  0.320000	

MOTIF M00118_2.00 M00118_2.00

letter-probability matrix: alength= 4 w= 8 nsites= 1 E= 0
  0.310000	  0.250000	  0.320000	  0.120000	
  0.010000	  0.990000	  0.000000	  0.000000	
  0.990000	  0.000000	  0.010000	  0.000000	
  0.000000	  0.656566	  0.141414	  0.202020	
  0.000000	  0.800000	  0.190000	  0.010000	
  0.010000	  0.020000	  0.030000	  0.940000	
  0.000000	  0.000000	  0.979798	  0.020202	
  0.120000	  0.320000	  0.300000	  0.260000	

MOTIF M00119_2.00 M00119_2.00

letter-probability matrix: alength= 4 w= 9 nsites= 1 E= 0
  0.303030	  0.090909	  0.282828	  0.323232	
  0.158416	  0.782178	  0.029703	  0.029703	
  0.663366	  0.099010	  0.148515	  0.089109	
  0.010000	  0.890000	  0.020000	  0.080000	
  0.050000	  0.020000	  0.920000	  0.010000	
  0.060000	  0.060000	  0.030000	  0.850000	
  0.000000	  0.000000	  1.000000	  0.000000	
  0.460000	  0.400000	  0.060000	  0.080000	
  0.161616	  0.404040	  0.242424	  0.191919	

MOTIF M00120_2.00 M00120_2.00

letter-probability matrix: alength= 4 w= 9 nsites= 1 E= 0
  0.290000	  0.250000	  0.270000	  0.190000	
  0.050505	  0.777778	  0.050505	  0.121212	
  0.530000	  0.110000	  0.230000	  0.130000	
  0.270000	  0.300000	  0.260000	  0.170000	
  0.190000	  0.460000	  0.170000	  0.180000	
  0.000000	  0.000000	  0.000000	  1.000000	
  0.000000	  0.000000	  0.870000	  0.130000	
  0.230000	  0.170000	  0.150000	  0.450000	
  0.020000	  0.470000	  0.070000	  0.440000	

MOTIF M00121_2.00 M00121_2.00

letter-probability matrix: alength= 4 w= 9 nsites= 1 E= 0
  0.188119	  0.366337	  0.267327	  0.178218	
  0.158416	  0.702970	  0.079208	  0.059406	
  0.555556	  0.060606	  0.272727	  0.111111	
  0.019802	  0.811881	  0.079208	  0.089109	
  0.280000	  0.070000	  0.650000	  0.000000	
  0.060000	  0.010000	  0.030000	  0.900000	
  0.000000	  0.000000	  1.000000	  0.000000	
  0.191919	  0.252525	  0.333333	  0.222222	
  0.181818	  0.272727	  0.232323	  0.313131	

MOTIF M00122_2.00 M00122_2.00

letter-probability matrix: alength= 4 w= 9 nsites= 1 E= 0
  0.353535	  0.202020	  0.232323	  0.212121	
  0.232323	  0.292929	  0.232323	  0.242424	
  0.170000	  0.730000	  0.050000	  0.050000	
  0.620000	  0.040000	  0.240000	  0.100000	
  0.010000	  0.850000	  0.050000	  0.090000	
  0.330000	  0.030000	  0.640000	  0.000000	
  0.100000	  0.020000	  0.020000	  0.860000	
  0.000000	  0.000000	  0.970000	  0.030000	
  0.190000	  0.250000	  0.350000	  0.210000	

MOTIF M00123_2.00 M00123_2.00

letter-probability matrix: alength= 4 w= 10 nsites= 1 E= 0
  0.200000	  0.230000	  0.210000	  0.360000	
  0.237624	  0.356436	  0.178218	  0.227723	
  0.370000	  0.170000	  0.220000	  0.240000	
  0.210000	  0.120000	  0.480000	  0.190000	
  0.222222	  0.545455	  0.111111	  0.121212	
  0.585859	  0.050505	  0.252525	  0.111111	
  0.404040	  0.191919	  0.181818	  0.222222	
  0.410000	  0.110000	  0.170000	  0.310000	
  0.370000	  0.160000	  0.130000	  0.340000	
  0.300000	  0.210000	  0.170000	  0.320000	

MOTIF M00124_2.00 M00124_2.00

letter-probability matrix: alength= 4 w= 10 nsites= 1 E= 0
  0.260000	  0.190000	  0.290000	  0.260000	
  0.300000	  0.200000	  0.260000	  0.240000	
  0.170000	  0.170000	  0.250000	  0.410000	
  0.188119	  0.178218	  0.386139	  0.247525	
  0.450000	  0.110000	  0.280000	  0.160000	
  0.171717	  0.424242	  0.181818	  0.222222	
  0.260000	  0.100000	  0.480000	  0.160000	
  0.267327	  0.188119	  0.237624	  0.306931	
  0.340000	  0.180000	  0.280000	  0.200000	
  0.340000	  0.150000	  0.270000	  0.240000	

MOTIF M00125_2.00 M00125_2.00

letter-probability matrix: alength= 4 w= 10 nsites= 1 E= 0
  0.230000	  0.200000	  0.360000	  0.210000	
  0.460000	  0.140000	  0.370000	  0.030000	
  0.000000	  0.010101	  0.000000	  0.989899	
  0.040000	  0.040000	  0.740000	  0.180000	
  0.990000	  0.000000	  0.000000	  0.010000	
  0.040000	  0.640000	  0.120000	  0.200000	
  0.168317	  0.108911	  0.495050	  0.227723	
  0.200000	  0.290000	  0.140000	  0.370000	
  0.366337	  0.277228	  0.217822	  0.138614	
  0.353535	  0.202020	  0.212121	  0.232323	

MOTIF M00126_2.00 M00126_2.00

letter-probability matrix: alength= 4 w= 13 nsites= 1 E= 0
  0.310000	  0.230000	  0.230000	  0.230000	
  0.260000	  0.340000	  0.250000	  0.150000	
  0.049505	  0.049505	  0.851485	  0.049505	
  0.020000	  0.020000	  0.020000	  0.940000	
  0.020000	  0.940000	  0.020000	  0.020000	
  0.920000	  0.000000	  0.000000	  0.080000	
  0.000000	  0.000000	  1.000000	  0.000000	
  0.000000	  1.000000	  0.000000	  0.000000	
  0.940000	  0.020000	  0.020000	  0.020000	
  0.400000	  0.220000	  0.180000	  0.200000	
  0.202020	  0.202020	  0.202020	  0.393939	
  0.230000	  0.230000	  0.230000	  0.310000	
  0.230000	  0.230000	  0.230000	  0.310000	

MOTIF M00127_2.00 M00127_2.00

letter-probability matrix: alength= 4 w= 8 nsites= 1 E= 0
  0.584158	  0.079208	  0.257426	  0.079208	
  0.039604	  0.039604	  0.019802	  0.900990	
  0.000000	  0.000000	  1.000000	  0.000000	
  0.000000	  0.040000	  0.000000	  0.960000	
  0.020000	  0.000000	  0.980000	  0.000000	
  0.000000	  0.880000	  0.000000	  0.120000	
  0.680000	  0.080000	  0.200000	  0.040000	
  0.050000	  0.790000	  0.080000	  0.080000	

MOTIF M00128_2.00 M00128_2.00

letter-probability matrix: alength= 4 w= 12 nsites= 1 E= 0
  0.202020	  0.202020	  0.303030	  0.292929	
  0.079208	  0.257426	  0.079208	  0.584158	
  0.079208	  0.475248	  0.079208	  0.366337	
  0.020000	  0.230000	  0.120000	  0.630000	
  0.000000	  0.202020	  0.000000	  0.797980	
  0.000000	  0.300000	  0.000000	  0.700000	
  0.000000	  0.810000	  0.000000	  0.190000	
  0.000000	  0.272727	  0.111111	  0.616162	
  0.584158	  0.138614	  0.049505	  0.227723	
  0.171717	  0.171717	  0.484848	  0.171717	
  0.393939	  0.171717	  0.262626	  0.171717	
  0.316832	  0.227723	  0.227723	  0.227723	

MOTIF M00129_2.00 M00129_2.00

letter-probability matrix: alength= 4 w= 11 nsites= 1 E= 0
  0.297030	  0.207921	  0.287129	  0.207921	
  0.120000	  0.120000	  0.520000	  0.240000	
  0.850000	  0.050000	  0.050000	  0.050000	
  0.000000	  1.000000	  0.000000	  0.000000	
  0.000000	  1.000000	  0.000000	  0.000000	
  0.000000	  1.000000	  0.000000	  0.000000	
  0.000000	  1.000000	  0.000000	  0.000000	
  0.000000	  0.630000	  0.000000	  0.370000	
  0.040404	  0.686869	  0.040404	  0.232323	
  0.336634	  0.128713	  0.227723	  0.306931	
  0.200000	  0.300000	  0.200000	  0.300000	

MOTIF M00130_2.00 M00130_2.00

letter-probability matrix: alength= 4 w= 10 nsites= 1 E= 0
  0.210000	  0.210000	  0.330000	  0.250000	
  0.181818	  0.171717	  0.424242	  0.222222	
  0.151515	  0.191919	  0.494949	  0.161616	
  0.161616	  0.202020	  0.555556	  0.080808	
  0.040000	  0.930000	  0.000000	  0.030000	
  0.070000	  0.920000	  0.000000	  0.010000	
  0.010000	  0.750000	  0.010000	  0.230000	
  0.060000	  0.870000	  0.030000	  0.040000	
  0.240000	  0.340000	  0.120000	  0.300000	
  0.230000	  0.300000	  0.200000	  0.270000	

MOTIF M00131_2.00 M00131_2.00

letter-probability matrix: alength= 4 w= 8 nsites= 1 E= 0
  0.720000	  0.280000	  0.000000	  0.000000	
  0.000000	  0.280000	  0.000000	  0.720000	
  0.000000	  0.000000	  0.000000	  1.000000	
  0.610000	  0.080000	  0.110000	  0.200000	
  0.200000	  0.000000	  0.800000	  0.000000	
  0.000000	  0.190000	  0.000000	  0.810000	
  0.554455	  0.257426	  0.000000	  0.188119	
  0.000000	  1.000000	  0.000000	  0.000000	

MOTIF M00132_2.00 M00132_2.00

letter-probability matrix: alength= 4 w= 10 nsites= 1 E= 0
  0.262626	  0.181818	  0.202020	  0.353535	
  0.170000	  0.120000	  0.680000	  0.030000	
  0.010101	  0.949495	  0.000000	  0.040404	
  0.040000	  0.100000	  0.000000	  0.860000	
  0.680000	  0.090000	  0.030000	  0.200000	
  0.000000	  0.990000	  0.000000	  0.010000	
  0.000000	  0.510000	  0.000000	  0.490000	
  0.100000	  0.070000	  0.670000	  0.160000	
  0.200000	  0.150000	  0.210000	  0.440000	
  0.200000	  0.180000	  0.200000	  0.420000	

MOTIF M00133_2.00 M00133_2.00

letter-probability matrix: alength= 4 w= 10 nsites= 1 E= 0
  0.210000	  0.460000	  0.120000	  0.210000	
  0.420000	  0.500000	  0.030000	  0.050000	
  0.030000	  0.910000	  0.020000	  0.040000	
  0.160000	  0.010000	  0.670000	  0.160000	
  0.000000	  0.990000	  0.000000	  0.010000	
  0.000000	  1.000000	  0.000000	  0.000000	
  0.000000	  0.830000	  0.000000	  0.170000	
  0.300000	  0.560000	  0.010000	  0.130000	
  0.100000	  0.540000	  0.120000	  0.240000	
  0.207921	  0.297030	  0.148515	  0.346535	

MOTIF M00134_2.00 M00134_2.00

letter-probability matrix: alength= 4 w= 10 nsites= 1 E= 0
  0.232323	  0.181818	  0.414141	  0.171717	
  0.217822	  0.495050	  0.118812	  0.168317	
  0.178218	  0.534653	  0.079208	  0.207921	
  0.520000	  0.350000	  0.090000	  0.040000	
  0.010000	  0.970000	  0.000000	  0.020000	
  0.230000	  0.010000	  0.660000	  0.100000	
  0.000000	  1.000000	  0.000000	  0.000000	
  0.000000	  1.000000	  0.000000	  0.000000	
  0.000000	  0.828283	  0.000000	  0.171717	
  0.340000	  0.260000	  0.080000	  0.320000	

MOTIF M00135_2.00 M00135_2.00

letter-probability matrix: alength= 4 w= 10 nsites= 1 E= 0
  0.343434	  0.272727	  0.202020	  0.181818	
  0.080808	  0.050505	  0.636364	  0.232323	
  0.380000	  0.580000	  0.000000	  0.040000	
  0.009901	  0.980198	  0.000000	  0.009901	
  0.000000	  1.000000	  0.000000	  0.000000	
  0.150000	  0.830000	  0.000000	  0.020000	
  0.030000	  0.790000	  0.020000	  0.160000	
  0.190000	  0.450000	  0.130000	  0.230000	
  0.310000	  0.220000	  0.210000	  0.260000	
  0.306931	  0.207921	  0.198020	  0.287129	

MOTIF M00136_2.00 M00136_2.00

letter-probability matrix: alength= 4 w= 9 nsites= 1 E= 0
  0.000000	  1.000000	  0.000000	  0.000000	
  0.000000	  0.000000	  1.000000	  0.000000	
  0.000000	  0.000000	  0.000000	  1.000000	
  0.000000	  0.000000	  1.000000	  0.000000	
  0.000000	  0.500000	  0.000000	  0.500000	
  0.000000	  0.000000	  1.000000	  0.000000	
  0.000000	  1.000000	  0.000000	  0.000000	
  1.000000	  0.000000	  0.000000	  0.000000	
  0.500000	  0.500000	  0.000000	  0.000000	

MOTIF M00137_2.00 M00137_2.00

letter-probability matrix: alength= 4 w= 10 nsites= 1 E= 0
  0.210000	  0.350000	  0.170000	  0.270000	
  0.070707	  0.898990	  0.010101	  0.020202	
  0.252525	  0.646465	  0.030303	  0.070707	
  0.120000	  0.460000	  0.020000	  0.400000	
  0.220000	  0.200000	  0.550000	  0.030000	
  0.060606	  0.494949	  0.161616	  0.282828	
  0.181818	  0.141414	  0.272727	  0.404040	
  0.120000	  0.080000	  0.740000	  0.060000	
  0.240000	  0.270000	  0.180000	  0.310000	
  0.060000	  0.130000	  0.600000	  0.210000	

MOTIF M00138_2.00 M00138_2.00

letter-probability matrix: alength= 4 w= 10 nsites= 1 E= 0
  0.160000	  0.500000	  0.140000	  0.200000	
  0.242424	  0.121212	  0.444444	  0.191919	
  0.070707	  0.868687	  0.020202	  0.040404	
  0.010000	  0.970000	  0.020000	  0.000000	
  0.030303	  0.777778	  0.020202	  0.171717	
  0.420000	  0.440000	  0.080000	  0.060000	
  0.040000	  0.820000	  0.050000	  0.090000	
  0.100000	  0.190000	  0.440000	  0.270000	
  0.128713	  0.514851	  0.158416	  0.198020	
  0.336634	  0.227723	  0.198020	  0.237624	

MOTIF M00139_2.00 M00139_2.00

letter-probability matrix: alength= 4 w= 10 nsites= 1 E= 0
  0.170000	  0.560000	  0.130000	  0.140000	
  0.260000	  0.420000	  0.120000	  0.200000	
  0.454545	  0.050505	  0.151515	  0.343434	
  0.030303	  0.939394	  0.020202	  0.010101	
  0.029703	  0.950495	  0.009901	  0.009901	
  0.010000	  0.970000	  0.000000	  0.020000	
  0.020000	  0.950000	  0.010000	  0.020000	
  0.020000	  0.950000	  0.010000	  0.020000	
  0.360000	  0.400000	  0.060000	  0.180000	
  0.290000	  0.350000	  0.100000	  0.260000	

MOTIF M00140_2.00 M00140_2.00

letter-probability matrix: alength= 4 w= 8 nsites= 1 E= 0
  0.200000	  0.800000	  0.000000	  0.000000	
  0.000000	  0.750000	  0.000000	  0.250000	
  1.000000	  0.000000	  0.000000	  0.000000	
  0.000000	  0.000000	  0.000000	  1.000000	
  0.000000	  1.000000	  0.000000	  0.000000	
  0.000000	  1.000000	  0.000000	  0.000000	
  0.000000	  1.000000	  0.000000	  0.000000	
  1.000000	  0.000000	  0.000000	  0.000000	

MOTIF M00141_2.00 M00141_2.00

letter-probability matrix: alength= 4 w= 9 nsites= 1 E= 0
  0.383838	  0.090909	  0.434343	  0.090909	
  0.000000	  0.030000	  0.000000	  0.970000	
  0.140000	  0.000000	  0.850000	  0.010000	
  0.000000	  0.989899	  0.010101	  0.000000	
  0.010101	  0.989899	  0.000000	  0.000000	
  0.544554	  0.386139	  0.009901	  0.059406	
  0.430000	  0.220000	  0.190000	  0.160000	
  0.110000	  0.530000	  0.140000	  0.220000	
  0.180000	  0.350000	  0.210000	  0.260000	

MOTIF M00142_2.00 M00142_2.00

letter-probability matrix: alength= 4 w= 8 nsites= 1 E= 0
  0.040404	  0.010101	  0.898990	  0.050505	
  0.020000	  0.000000	  0.190000	  0.790000	
  0.340000	  0.010000	  0.650000	  0.000000	
  0.020000	  0.970000	  0.000000	  0.010000	
  0.000000	  0.020000	  0.010000	  0.970000	
  0.000000	  0.980000	  0.000000	  0.020000	
  0.270000	  0.520000	  0.130000	  0.080000	
  0.100000	  0.280000	  0.100000	  0.520000	

MOTIF M00143_2.00 M00143_2.00

letter-probability matrix: alength= 4 w= 10 nsites= 1 E= 0
  0.230000	  0.490000	  0.110000	  0.170000	
  0.227723	  0.663366	  0.029703	  0.079208	
  0.030303	  0.909091	  0.030303	  0.030303	
  0.049505	  0.891089	  0.000000	  0.059406	
  0.040404	  0.848485	  0.020202	  0.090909	
  0.120000	  0.860000	  0.000000	  0.020000	
  0.060000	  0.870000	  0.010000	  0.060000	
  0.400000	  0.150000	  0.200000	  0.250000	
  0.240000	  0.300000	  0.170000	  0.290000	
  0.232323	  0.252525	  0.262626	  0.252525	

MOTIF M00144_2.00 M00144_2.00

letter-probability matrix: alength= 4 w= 9 nsites= 1 E= 0
  0.237624	  0.217822	  0.247525	  0.297030	
  0.190000	  0.180000	  0.530000	  0.100000	
  0.020000	  0.840000	  0.000000	  0.140000	
  0.030000	  0.170000	  0.000000	  0.800000	
  0.550000	  0.160000	  0.040000	  0.250000	
  0.010000	  0.910000	  0.000000	  0.080000	
  0.000000	  0.510000	  0.000000	  0.490000	
  0.130000	  0.130000	  0.540000	  0.200000	
  0.180000	  0.180000	  0.240000	  0.400000	

MOTIF M00145_2.00 M00145_2.00

letter-probability matrix: alength= 4 w= 9 nsites= 1 E= 0
  0.217822	  0.336634	  0.257426	  0.188119	
  0.280000	  0.190000	  0.350000	  0.180000	
  0.040000	  0.820000	  0.020000	  0.120000	
  0.060000	  0.050000	  0.860000	  0.030000	
  0.138614	  0.495050	  0.108911	  0.257426	
  0.131313	  0.060606	  0.686869	  0.121212	
  0.178218	  0.534653	  0.128713	  0.158416	
  0.386139	  0.267327	  0.138614	  0.207921	
  0.198020	  0.376238	  0.138614	  0.287129	

MOTIF M00146_2.00 M00146_2.00

letter-probability matrix: alength= 4 w= 10 nsites= 1 E= 0
  0.188119	  0.247525	  0.257426	  0.306931	
  0.108911	  0.019802	  0.851485	  0.019802	
  0.120000	  0.060000	  0.060000	  0.760000	
  0.080000	  0.010000	  0.070000	  0.840000	
  0.009901	  0.980198	  0.000000	  0.009901	
  0.010000	  0.190000	  0.050000	  0.750000	
  0.717172	  0.090909	  0.111111	  0.080808	
  0.158416	  0.099010	  0.643564	  0.099010	
  0.485149	  0.118812	  0.287129	  0.108911	
  0.200000	  0.260000	  0.190000	  0.350000	

MOTIF M00147_2.00 M00147_2.00

letter-probability matrix: alength= 4 w= 9 nsites= 1 E= 0
  0.160000	  0.160000	  0.300000	  0.380000	
  0.310000	  0.240000	  0.320000	  0.130000	
  0.111111	  0.080808	  0.060606	  0.747475	
  0.000000	  0.000000	  1.000000	  0.000000	
  0.000000	  0.000000	  0.030000	  0.970000	
  0.000000	  0.000000	  1.000000	  0.000000	
  0.000000	  0.828283	  0.010101	  0.161616	
  0.490000	  0.170000	  0.200000	  0.140000	
  0.158416	  0.346535	  0.237624	  0.257426	

MOTIF M00148_2.00 M00148_2.00

letter-probability matrix: alength= 4 w= 10 nsites= 1 E= 0
  0.111111	  0.050505	  0.020202	  0.818182	
  0.040000	  0.120000	  0.020000	  0.820000	
  0.320000	  0.130000	  0.390000	  0.160000	
  0.120000	  0.080000	  0.110000	  0.690000	
  0.050505	  0.090909	  0.040404	  0.818182	
  0.130000	  0.090000	  0.300000	  0.480000	
  0.340000	  0.090000	  0.270000	  0.300000	
  0.202020	  0.252525	  0.141414	  0.404040	
  0.170000	  0.220000	  0.190000	  0.420000	
  0.250000	  0.250000	  0.320000	  0.180000	

MOTIF M00149_2.00 M00149_2.00

letter-probability matrix: alength= 4 w= 8 nsites= 1 E= 0
  0.040404	  0.585859	  0.292929	  0.080808	
  0.000000	  0.000000	  1.000000	  0.000000	
  0.000000	  0.000000	  0.000000	  1.000000	
  1.000000	  0.000000	  0.000000	  0.000000	
  0.000000	  1.000000	  0.000000	  0.000000	
  0.030000	  0.060000	  0.910000	  0.000000	
  0.160000	  0.620000	  0.000000	  0.220000	
  0.170000	  0.750000	  0.040000	  0.040000	

MOTIF M00150_2.00 M00150_2.00

letter-probability matrix: alength= 4 w= 10 nsites= 1 E= 0
  0.250000	  0.360000	  0.200000	  0.190000	
  0.111111	  0.777778	  0.040404	  0.070707	
  0.210000	  0.650000	  0.060000	  0.080000	
  0.101010	  0.555556	  0.010101	  0.333333	
  0.210000	  0.370000	  0.410000	  0.010000	
  0.100000	  0.580000	  0.080000	  0.240000	
  0.200000	  0.190000	  0.210000	  0.400000	
  0.200000	  0.070000	  0.650000	  0.080000	
  0.217822	  0.267327	  0.227723	  0.287129	
  0.128713	  0.138614	  0.524752	  0.207921	

MOTIF M00151_2.00 M00151_2.00

letter-probability matrix: alength= 4 w= 10 nsites= 1 E= 0
  0.222222	  0.343434	  0.171717	  0.262626	
  0.120000	  0.830000	  0.020000	  0.030000	
  0.240000	  0.630000	  0.060000	  0.070000	
  0.130000	  0.490000	  0.010000	  0.370000	
  0.230000	  0.260000	  0.480000	  0.030000	
  0.070707	  0.535354	  0.141414	  0.252525	
  0.200000	  0.170000	  0.230000	  0.400000	
  0.181818	  0.080808	  0.666667	  0.070707	
  0.247525	  0.257426	  0.198020	  0.297030	
  0.100000	  0.140000	  0.540000	  0.220000	

MOTIF M00152_2.00 M00152_2.00

letter-probability matrix: alength= 4 w= 9 nsites= 1 E= 0
  0.202020	  0.606061	  0.040404	  0.151515	
  0.620000	  0.010000	  0.330000	  0.040000	
  0.030000	  0.850000	  0.110000	  0.010000	
  0.010000	  0.000000	  0.000000	  0.990000	
  0.020202	  0.010101	  0.909091	  0.060606	
  0.040000	  0.570000	  0.240000	  0.150000	
  0.504950	  0.217822	  0.118812	  0.158416	
  0.232323	  0.252525	  0.232323	  0.282828	
  0.220000	  0.250000	  0.260000	  0.270000	

MOTIF M00153_2.00 M00153_2.00

letter-probability matrix: alength= 4 w= 10 nsites= 1 E= 0
  0.330000	  0.160000	  0.190000	  0.320000	
  0.340000	  0.140000	  0.140000	  0.380000	
  0.250000	  0.150000	  0.250000	  0.350000	
  0.150000	  0.210000	  0.480000	  0.160000	
  0.050000	  0.110000	  0.840000	  0.000000	
  0.100000	  0.880000	  0.000000	  0.020000	
  0.000000	  0.000000	  0.980000	  0.020000	
  0.020000	  0.620000	  0.330000	  0.030000	
  0.140000	  0.280000	  0.360000	  0.220000	
  0.232323	  0.292929	  0.181818	  0.292929	

MOTIF M00154_2.00 M00154_2.00

letter-probability matrix: alength= 4 w= 10 nsites= 1 E= 0
  0.323232	  0.161616	  0.181818	  0.333333	
  0.360000	  0.120000	  0.130000	  0.390000	
  0.250000	  0.140000	  0.250000	  0.360000	
  0.128713	  0.198020	  0.544554	  0.128713	
  0.020202	  0.070707	  0.909091	  0.000000	
  0.070000	  0.910000	  0.000000	  0.020000	
  0.000000	  0.000000	  0.980000	  0.020000	
  0.010000	  0.610000	  0.360000	  0.020000	
  0.110000	  0.260000	  0.390000	  0.240000	
  0.250000	  0.270000	  0.170000	  0.310000	

MOTIF M00155_2.00 M00155_2.00

letter-probability matrix: alength= 4 w= 10 nsites= 1 E= 0
  0.400000	  0.140000	  0.190000	  0.270000	
  0.350000	  0.150000	  0.200000	  0.300000	
  0.250000	  0.220000	  0.380000	  0.150000	
  0.320000	  0.280000	  0.310000	  0.090000	
  0.171717	  0.030303	  0.747475	  0.050505	
  0.050505	  0.020202	  0.898990	  0.030303	
  0.910000	  0.000000	  0.010000	  0.080000	
  0.830000	  0.040000	  0.000000	  0.130000	
  0.170000	  0.310000	  0.430000	  0.090000	
  0.188119	  0.227723	  0.118812	  0.465347	

MOTIF M00156_2.00 M00156_2.00

letter-probability matrix: alength= 4 w= 10 nsites= 1 E= 0
  0.410000	  0.140000	  0.190000	  0.260000	
  0.260000	  0.290000	  0.210000	  0.240000	
  0.257426	  0.346535	  0.287129	  0.108911	
  0.356436	  0.386139	  0.178218	  0.079208	
  0.140000	  0.030000	  0.750000	  0.080000	
  0.130000	  0.020000	  0.760000	  0.090000	
  0.890000	  0.000000	  0.040000	  0.070000	
  0.790000	  0.000000	  0.030000	  0.180000	
  0.393939	  0.111111	  0.414141	  0.080808	
  0.220000	  0.200000	  0.140000	  0.440000	

MOTIF M00157_2.00 M00157_2.00

letter-probability matrix: alength= 4 w= 10 nsites= 1 E= 0
  0.310000	  0.240000	  0.230000	  0.220000	
  0.520000	  0.100000	  0.270000	  0.110000	
  0.100000	  0.710000	  0.160000	  0.030000	
  0.128713	  0.841584	  0.019802	  0.009901	
  0.010000	  0.010000	  0.980000	  0.000000	
  0.000000	  0.010000	  0.990000	  0.000000	
  0.980000	  0.010000	  0.000000	  0.010000	
  0.780000	  0.020000	  0.010000	  0.190000	
  0.330000	  0.070000	  0.570000	  0.030000	
  0.089109	  0.237624	  0.089109	  0.584158	

MOTIF M00158_2.00 M00158_2.00

letter-probability matrix: alength= 4 w= 10 nsites= 1 E= 0
  0.495050	  0.099010	  0.148515	  0.257426	
  0.237624	  0.277228	  0.257426	  0.227723	
  0.240000	  0.400000	  0.300000	  0.060000	
  0.343434	  0.555556	  0.090909	  0.010101	
  0.010000	  0.000000	  0.990000	  0.000000	
  0.010000	  0.000000	  0.980000	  0.010000	
  0.980000	  0.000000	  0.010000	  0.010000	
  0.870000	  0.020000	  0.000000	  0.110000	
  0.350000	  0.100000	  0.530000	  0.020000	
  0.121212	  0.242424	  0.080808	  0.555556	

MOTIF M00159_2.00 M00159_2.00

letter-probability matrix: alength= 4 w= 10 nsites= 1 E= 0
  0.404040	  0.131313	  0.191919	  0.272727	
  0.287129	  0.297030	  0.237624	  0.178218	
  0.210000	  0.500000	  0.210000	  0.080000	
  0.280000	  0.620000	  0.080000	  0.020000	
  0.000000	  0.020000	  0.980000	  0.000000	
  0.009901	  0.059406	  0.881188	  0.049505	
  0.810000	  0.030000	  0.080000	  0.080000	
  0.290000	  0.180000	  0.070000	  0.460000	
  0.290000	  0.230000	  0.310000	  0.170000	
  0.168317	  0.277228	  0.128713	  0.425743	

MOTIF M00160_2.00 M00160_2.00

letter-probability matrix: alength= 4 w= 10 nsites= 1 E= 0
  0.270000	  0.210000	  0.240000	  0.280000	
  0.383838	  0.070707	  0.525253	  0.020202	
  0.118812	  0.108911	  0.019802	  0.752475	
  0.838384	  0.151515	  0.000000	  0.010101	
  0.910000	  0.060000	  0.000000	  0.030000	
  0.980000	  0.010000	  0.000000	  0.010000	
  0.000000	  0.840000	  0.000000	  0.160000	
  0.960396	  0.009901	  0.009901	  0.019802	
  0.484848	  0.161616	  0.111111	  0.242424	
  0.415842	  0.188119	  0.138614	  0.257426	

MOTIF M00161_2.00 M00161_2.00

letter-probability matrix: alength= 4 w= 12 nsites= 1 E= 0
  0.393939	  0.202020	  0.202020	  0.202020	
  0.356436	  0.148515	  0.346535	  0.148515	
  0.160000	  0.170000	  0.070000	  0.600000	
  0.848485	  0.111111	  0.020202	  0.020202	
  1.000000	  0.000000	  0.000000	  0.000000	
  1.000000	  0.000000	  0.000000	  0.000000	
  0.000000	  1.000000	  0.000000	  0.000000	
  1.000000	  0.000000	  0.000000	  0.000000	
  0.850000	  0.050000	  0.050000	  0.050000	
  0.696970	  0.101010	  0.101010	  0.101010	
  0.180000	  0.360000	  0.180000	  0.280000	
  0.316832	  0.227723	  0.227723	  0.227723	

MOTIF M00162_2.00 M00162_2.00

letter-probability matrix: alength= 4 w= 8 nsites= 1 E= 0
  0.160000	  0.000000	  0.840000	  0.000000	
  0.000000	  0.030000	  0.000000	  0.970000	
  0.880000	  0.120000	  0.000000	  0.000000	
  0.970000	  0.030000	  0.000000	  0.000000	
  1.000000	  0.000000	  0.000000	  0.000000	
  0.000000	  0.640000	  0.000000	  0.360000	
  1.000000	  0.000000	  0.000000	  0.000000	
  0.623762	  0.108911	  0.108911	  0.158416	

MOTIF M00163_2.00 M00163_2.00

letter-probability matrix: alength= 4 w= 8 nsites= 1 E= 0
  0.310000	  0.140000	  0.550000	  0.000000	
  0.300000	  0.000000	  0.000000	  0.700000	
  0.620000	  0.300000	  0.000000	  0.080000	
  0.890000	  0.070000	  0.000000	  0.040000	
  1.000000	  0.000000	  0.000000	  0.000000	
  0.000000	  0.960000	  0.000000	  0.040000	
  1.000000	  0.000000	  0.000000	  0.000000	
  0.660000	  0.130000	  0.060000	  0.150000	

MOTIF M00164_2.00 M00164_2.00

letter-probability matrix: alength= 4 w= 10 nsites= 1 E= 0
  0.370000	  0.170000	  0.160000	  0.300000	
  0.346535	  0.168317	  0.198020	  0.287129	
  0.270000	  0.180000	  0.200000	  0.350000	
  0.346535	  0.108911	  0.415842	  0.128713	
  0.150000	  0.100000	  0.030000	  0.720000	
  0.707071	  0.252525	  0.000000	  0.040404	
  0.910000	  0.050000	  0.000000	  0.040000	
  0.939394	  0.000000	  0.020202	  0.040404	
  0.030303	  0.606061	  0.030303	  0.333333	
  0.850000	  0.050000	  0.050000	  0.050000	

MOTIF M00165_2.00 M00165_2.00

letter-probability matrix: alength= 4 w= 8 nsites= 1 E= 0
  0.230000	  0.280000	  0.260000	  0.230000	
  0.440000	  0.190000	  0.040000	  0.330000	
  0.000000	  0.000000	  0.990000	  0.010000	
  0.990000	  0.000000	  0.000000	  0.010000	
  0.000000	  0.000000	  0.000000	  1.000000	
  0.760000	  0.020000	  0.010000	  0.210000	
  0.640000	  0.080000	  0.150000	  0.130000	
  0.180000	  0.290000	  0.360000	  0.170000	

MOTIF M00166_2.00 M00166_2.00

letter-probability matrix: alength= 4 w= 10 nsites= 1 E= 0
  0.270000	  0.230000	  0.230000	  0.270000	
  0.270000	  0.240000	  0.230000	  0.260000	
  0.227723	  0.257426	  0.267327	  0.247525	
  0.420000	  0.240000	  0.070000	  0.270000	
  0.070707	  0.030303	  0.878788	  0.020202	
  0.940000	  0.010000	  0.000000	  0.050000	
  0.060000	  0.030000	  0.040000	  0.870000	
  0.485149	  0.178218	  0.099010	  0.237624	
  0.454545	  0.131313	  0.191919	  0.222222	
  0.227723	  0.257426	  0.316832	  0.198020	

MOTIF M00167_2.00 M00167_2.00

letter-probability matrix: alength= 4 w= 9 nsites= 1 E= 0
  0.270000	  0.230000	  0.260000	  0.240000	
  0.220000	  0.270000	  0.270000	  0.240000	
  0.330000	  0.240000	  0.110000	  0.320000	
  0.140000	  0.110000	  0.680000	  0.070000	
  0.740000	  0.050000	  0.100000	  0.110000	
  0.190000	  0.080000	  0.090000	  0.640000	
  0.580000	  0.110000	  0.100000	  0.210000	
  0.490000	  0.130000	  0.180000	  0.200000	
  0.220000	  0.270000	  0.340000	  0.170000	

MOTIF M00168_2.00 M00168_2.00

letter-probability matrix: alength= 4 w= 9 nsites= 1 E= 0
  0.222222	  0.262626	  0.272727	  0.242424	
  0.535354	  0.181818	  0.202020	  0.080808	
  0.100000	  0.100000	  0.070000	  0.730000	
  0.300000	  0.140000	  0.550000	  0.010000	
  0.160000	  0.520000	  0.200000	  0.120000	
  0.090000	  0.060000	  0.690000	  0.160000	
  0.010000	  0.010000	  0.970000	  0.010000	
  0.010000	  0.000000	  0.980000	  0.010000	
  0.120000	  0.320000	  0.110000	  0.450000	

MOTIF M00169_2.00 M00169_2.00

letter-probability matrix: alength= 4 w= 7 nsites= 1 E= 0
  0.190000	  0.250000	  0.160000	  0.400000	
  0.171717	  0.161616	  0.434343	  0.232323	
  0.740000	  0.170000	  0.000000	  0.090000	
  0.120000	  0.190000	  0.030000	  0.660000	
  0.540000	  0.340000	  0.000000	  0.120000	
  0.130000	  0.460000	  0.140000	  0.270000	
  0.207921	  0.336634	  0.227723	  0.227723	

MOTIF M00170_2.00 M00170_2.00

letter-probability matrix: alength= 4 w= 10 nsites= 1 E= 0
  0.210000	  0.230000	  0.160000	  0.400000	
  0.161616	  0.121212	  0.141414	  0.575758	
  0.770000	  0.010000	  0.180000	  0.040000	
  0.970000	  0.000000	  0.020000	  0.010000	
  0.010000	  0.000000	  0.860000	  0.130000	
  0.130000	  0.020000	  0.100000	  0.750000	
  0.340000	  0.020000	  0.610000	  0.030000	
  0.100000	  0.320000	  0.370000	  0.210000	
  0.178218	  0.316832	  0.207921	  0.297030	
  0.190000	  0.260000	  0.200000	  0.350000	

MOTIF M00171_2.00 M00171_2.00

letter-probability matrix: alength= 4 w= 8 nsites= 1 E= 0
  0.207921	  0.257426	  0.118812	  0.415842	
  0.170000	  0.070000	  0.030000	  0.730000	
  0.780000	  0.060000	  0.020000	  0.140000	
  0.870000	  0.010000	  0.030000	  0.090000	
  0.000000	  0.730000	  0.040000	  0.230000	
  0.100000	  0.390000	  0.110000	  0.400000	
  0.290000	  0.180000	  0.270000	  0.260000	
  0.313131	  0.202020	  0.323232	  0.161616	

MOTIF M00172_2.00 M00172_2.00

letter-probability matrix: alength= 4 w= 10 nsites= 1 E= 0
  0.181818	  0.303030	  0.161616	  0.353535	
  0.110000	  0.050000	  0.020000	  0.820000	
  0.870000	  0.020000	  0.070000	  0.040000	
  0.960396	  0.019802	  0.000000	  0.019802	
  0.020000	  0.100000	  0.050000	  0.830000	
  0.110000	  0.100000	  0.420000	  0.370000	
  0.450000	  0.060000	  0.360000	  0.130000	
  0.202020	  0.313131	  0.272727	  0.212121	
  0.227723	  0.287129	  0.207921	  0.277228	
  0.210000	  0.250000	  0.210000	  0.330000	

MOTIF M00173_2.00 M00173_2.00

letter-probability matrix: alength= 4 w= 9 nsites= 1 E= 0
  0.450000	  0.170000	  0.150000	  0.230000	
  0.280000	  0.200000	  0.210000	  0.310000	
  0.160000	  0.440000	  0.140000	  0.260000	
  0.212121	  0.090909	  0.595960	  0.101010	
  0.650000	  0.110000	  0.110000	  0.130000	
  0.720000	  0.020000	  0.100000	  0.160000	
  0.840000	  0.020000	  0.000000	  0.140000	
  0.160000	  0.490000	  0.220000	  0.130000	
  0.198020	  0.287129	  0.128713	  0.386139	

MOTIF M00174_2.00 M00174_2.00

letter-probability matrix: alength= 4 w= 10 nsites= 1 E= 0
  0.450000	  0.070000	  0.360000	  0.120000	
  0.490000	  0.100000	  0.210000	  0.200000	
  0.495050	  0.099010	  0.108911	  0.297030	
  0.240000	  0.290000	  0.230000	  0.240000	
  0.110000	  0.290000	  0.470000	  0.130000	
  0.101010	  0.020202	  0.878788	  0.000000	
  0.650000	  0.160000	  0.110000	  0.080000	
  0.670000	  0.090000	  0.080000	  0.160000	
  0.690000	  0.150000	  0.040000	  0.120000	
  0.100000	  0.580000	  0.200000	  0.120000	

MOTIF M00175_2.00 M00175_2.00

letter-probability matrix: alength= 4 w= 10 nsites= 1 E= 0
  0.300000	  0.190000	  0.240000	  0.270000	
  0.360000	  0.190000	  0.190000	  0.260000	
  0.220000	  0.330000	  0.210000	  0.240000	
  0.128713	  0.495050	  0.079208	  0.297030	
  0.090909	  0.020202	  0.858586	  0.030303	
  0.740000	  0.080000	  0.130000	  0.050000	
  0.640000	  0.010000	  0.160000	  0.190000	
  0.888889	  0.040404	  0.000000	  0.070707	
  0.131313	  0.535354	  0.242424	  0.090909	
  0.160000	  0.350000	  0.130000	  0.360000	

MOTIF M00176_2.00 M00176_2.00

letter-probability matrix: alength= 4 w= 10 nsites= 1 E= 0
  0.262626	  0.232323	  0.292929	  0.212121	
  0.350000	  0.200000	  0.300000	  0.150000	
  0.200000	  0.340000	  0.220000	  0.240000	
  0.180000	  0.530000	  0.070000	  0.220000	
  0.090909	  0.030303	  0.838384	  0.040404	
  0.797980	  0.030303	  0.121212	  0.050505	
  0.454545	  0.030303	  0.161616	  0.353535	
  0.940000	  0.010000	  0.010000	  0.040000	
  0.070707	  0.666667	  0.171717	  0.090909	
  0.130000	  0.380000	  0.140000	  0.350000	

MOTIF M00177_2.00 M00177_2.00

letter-probability matrix: alength= 4 w= 10 nsites= 1 E= 0
  0.310000	  0.190000	  0.260000	  0.240000	
  0.410000	  0.170000	  0.240000	  0.180000	
  0.237624	  0.306931	  0.188119	  0.267327	
  0.170000	  0.560000	  0.050000	  0.220000	
  0.100000	  0.020000	  0.860000	  0.020000	
  0.790000	  0.050000	  0.140000	  0.020000	
  0.565657	  0.000000	  0.212121	  0.222222	
  0.940000	  0.010000	  0.000000	  0.050000	
  0.110000	  0.590000	  0.210000	  0.090000	
  0.160000	  0.340000	  0.110000	  0.390000	

MOTIF M00178_2.00 M00178_2.00

letter-probability matrix: alength= 4 w= 10 nsites= 1 E= 0
  0.210000	  0.420000	  0.140000	  0.230000	
  0.202020	  0.404040	  0.181818	  0.212121	
  0.430000	  0.080000	  0.180000	  0.310000	
  0.390000	  0.100000	  0.150000	  0.360000	
  0.530000	  0.080000	  0.120000	  0.270000	
  0.270000	  0.120000	  0.080000	  0.530000	
  0.360000	  0.150000	  0.100000	  0.390000	
  0.310000	  0.180000	  0.080000	  0.430000	
  0.212121	  0.181818	  0.404040	  0.202020	
  0.230000	  0.140000	  0.420000	  0.210000	

MOTIF M00179_2.00 M00179_2.00

letter-probability matrix: alength= 4 w= 10 nsites= 1 E= 0
  0.200000	  0.330000	  0.040000	  0.430000	
  0.980000	  0.000000	  0.010000	  0.010000	
  0.969697	  0.030303	  0.000000	  0.000000	
  0.000000	  1.000000	  0.000000	  0.000000	
  0.040000	  0.150000	  0.680000	  0.130000	
  0.110000	  0.020000	  0.780000	  0.090000	
  0.280000	  0.290000	  0.060000	  0.370000	
  0.210000	  0.430000	  0.080000	  0.280000	
  0.330000	  0.190000	  0.220000	  0.260000	
  0.300000	  0.220000	  0.190000	  0.290000	

MOTIF M00180_2.00 M00180_2.00

letter-probability matrix: alength= 4 w= 9 nsites= 1 E= 0
  0.170000	  0.340000	  0.040000	  0.450000	
  0.980000	  0.000000	  0.020000	  0.000000	
  0.950000	  0.050000	  0.000000	  0.000000	
  0.000000	  1.000000	  0.000000	  0.000000	
  0.030000	  0.180000	  0.630000	  0.160000	
  0.099010	  0.039604	  0.742574	  0.118812	
  0.262626	  0.282828	  0.060606	  0.393939	
  0.190000	  0.430000	  0.080000	  0.300000	
  0.320000	  0.190000	  0.250000	  0.240000	

MOTIF M00181_2.00 M00181_2.00

letter-probability matrix: alength= 4 w= 10 nsites= 1 E= 0
  0.326733	  0.227723	  0.178218	  0.267327	
  0.300000	  0.120000	  0.490000	  0.090000	
  0.450000	  0.000000	  0.550000	  0.000000	
  0.040000	  0.000000	  0.960000	  0.000000	
  0.020000	  0.000000	  0.770000	  0.210000	
  0.049505	  0.000000	  0.089109	  0.861386	
  0.080000	  0.680000	  0.100000	  0.140000	
  0.810000	  0.000000	  0.170000	  0.020000	
  0.270000	  0.310000	  0.150000	  0.270000	
  0.250000	  0.220000	  0.320000	  0.210000	

MOTIF M00182_2.00 M00182_2.00

letter-probability matrix: alength= 4 w= 10 nsites= 1 E= 0
  0.336634	  0.227723	  0.217822	  0.217822	
  0.310000	  0.150000	  0.410000	  0.130000	
  0.383838	  0.050505	  0.525253	  0.040404	
  0.019802	  0.000000	  0.930693	  0.049505	
  0.070000	  0.000000	  0.420000	  0.510000	
  0.130000	  0.380000	  0.100000	  0.390000	
  0.151515	  0.656566	  0.101010	  0.090909	
  0.590000	  0.090000	  0.250000	  0.070000	
  0.310000	  0.260000	  0.200000	  0.230000	
  0.270000	  0.240000	  0.230000	  0.260000	

MOTIF M00183_2.00 M00183_2.00

letter-probability matrix: alength= 4 w= 9 nsites= 1 E= 0
  0.207921	  0.435644	  0.247525	  0.108911	
  0.700000	  0.030000	  0.190000	  0.080000	
  0.861386	  0.029703	  0.099010	  0.009901	
  0.030000	  0.000000	  0.900000	  0.070000	
  0.010101	  0.000000	  0.979798	  0.010101	
  0.120000	  0.010000	  0.120000	  0.750000	
