Pos	A	C	G	T
1	0.512244897959184	0.206122448979592	0.114285714285714	0.16734693877551
2	0.618367346938776	0.0979591836734694	0.2	0.0836734693877551
3	0.279591836734694	0.146938775510204	0.348979591836735	0.224489795918367
4	0.518367346938776	0.0673469387755102	0.246938775510204	0.16734693877551
5	0.277551020408163	0.063265306122449	0.279591836734694	0.379591836734694
6	0.106122448979592	0.00612244897959184	0.818367346938776	0.0693877551020408
7	0.212244897959184	0.0142857142857143	0.751020408163265	0.0224489795918367
8	0.0306122448979592	0.551020408163265	0.00408163265306123	0.414285714285714
9	0.86530612244898	0.0	0.122448979591837	0.0122448979591837
10	0.0795918367346939	0.00204081632653061	0.910204081632653	0.00816326530612245
11	0.0224489795918367	0.495918367346939	0.0163265306122449	0.46530612244898
12	0.910204081632653	0.0122448979591837	0.0673469387755102	0.0102040816326531
13	0.185714285714286	0.238775510204082	0.489795918367347	0.0857142857142857
14	0.00612244897959184	0.991836734693878	0.0	0.00204081632653061
15	0.612244897959184	0.0591836734693878	0.00408163265306123	0.324489795918367
16	0.0571428571428571	0.326530612244898	0.248979591836735	0.36734693877551
17	0.0408163265306123	0.877551020408163	0.0306122448979592	0.0510204081632653
18	0.263265306122449	0.120408163265306	0.0448979591836735	0.571428571428572
19	0.0938775510204082	0.248979591836735	0.387755102040816	0.269387755102041
