Pos	A	C	G	T
1	0.288888888888889	0.260606060606061	0.365656565656566	0.0848484848484849
2	0.0545454545454545	0.397979797979798	0.313131313131313	0.234343434343434
3	0.404040404040404	0.094949494949495	0.38989898989899	0.111111111111111
4	0.0404040404040404	0.14949494949495	0.787878787878788	0.0222222222222222
5	0.00404040404040404	0.858585858585859	0.00202020202020202	0.135353535353535
6	0.00606060606060606	0.0	0.947474747474748	0.0464646464646465
7	0.0383838383838384	0.941414141414141	0.0181818181818182	0.00202020202020202
8	0.00404040404040404	0.983838383838384	0.00404040404040404	0.00808080808080808
9	0.115151515151515	0.787878787878788	0.0525252525252525	0.0444444444444445
10	0.00404040404040404	0.826262626262626	0.0	0.16969696969697
11	0.0	0.991919191919192	0.00404040404040404	0.00404040404040404
12	0.0222222222222222	0.0505050505050505	0.0262626262626263	0.901010101010101
13	0.272727272727273	0.0808080808080808	0.593939393939394	0.0525252525252525
14	0.0101010101010101	0.383838383838384	0.509090909090909	0.096969696969697
15	0.151515151515152	0.397979797979798	0.107070707070707	0.343434343434343
16	0.00808080808080808	0.00808080808080808	0.967676767676768	0.0161616161616162
17	0.0424242424242424	0.0848484848484849	0.818181818181818	0.0545454545454545
18	0.127272727272727	0.476767676767677	0.202020202020202	0.193939393939394
