Pos	A	C	G	T
1	0.0541082164328657	0.492985971943888	0.230460921843687	0.222444889779559
2	0.0601202404809619	0.519038076152305	0.0460921843687375	0.374749498997996
3	0.527054108216433	0.0180360721442886	0.0160320641282565	0.438877755511022
4	0.0120240480961924	0.0200400801603206	0.0140280561122245	0.953907815631263
5	0.0480961923847695	0.00601202404809619	0.0581162324649299	0.887775551102205
6	0.0981963927855712	0.228456913827655	0.603206412825651	0.0701402805611223
7	0.326653306613227	0.0160320641282565	0.0140280561122245	0.643286573146293
8	0.226452905811623	0.220440881763527	0.142284569138277	0.410821643286573
9	0.86372745490982	0.0100200400801603	0.0280561122244489	0.0981963927855712
10	0.00200400801603206	0.00400801603206413	0.00200400801603206	0.991983967935872
11	0.00601202404809619	0.0	0.92184368737475	0.0721442885771543
12	0.0200400801603206	0.725450901803607	0.0701402805611223	0.18436873747495
13	0.671342685370742	0.0180360721442886	0.0180360721442886	0.292585170340681
14	0.697394789579158	0.0400801603206413	0.162324649298597	0.100200400801603
15	0.905811623246493	0.0180360721442886	0.0420841683366734	0.0340681362725451
16	0.190380761523046	0.0761523046092185	0.138276553106212	0.595190380761523
