Pos	A	C	G	T
1	0.288	0.336	0.312	0.064
2	0.722	0.018	0.238	0.022
3	0.752	0.036	0.166	0.046
4	0.302	0.094	0.586	0.018
5	0.878	0.052	0.062	0.008
6	0.314	0.044	0.1	0.542
7	0.144	0.016	0.82	0.02
8	0.048	0.012	0.924	0.016
9	0.29	0.668	0.024	0.018
10	0.216	0.036	0.672	0.076
11	0.156	0.084	0.73	0.03
12	0.274	0.52	0.102	0.104
13	0.15	0.18	0.508	0.162
14	0.136	0.22	0.54	0.104
